46001
46002
46003
46005
46006
46007
46008
46009
46010
46011
46012
46013
46014
46015
46016
46017
46018
46019
46020
46021
46022
46023
46024
46025
46026
46027
46028
46029
46030
46031
46032
46033
46034
46035
46037
46038
46039
46040
46041
46042
46043
46045
46047
46048
46050
46051
46053
46054
46059
46060
46061
46062
46063
46066
46069
46070
46071
46072
46073
46075
46076
46077
46078
46079
46080
46081
46082
46083
46084
46085
46086
46087
46088
46089
46090
46105
46106
46107
46115
46270
46290
46401
46402
46403
46404
46405
46406
46407
46408
46409
46410
46411
46412
46413
46414
46415
46416
46419
46490
46551
46553
46779
46780
46781
46782
46785
46B35
